1017226321883
1021480685094
1023767204436
1030014422082
1050365759986
1059023361403
1068415444833
1069330728741
1073279357557
1078934566676
1096782926104
1097754699059
1102402369433
1113814220539
1114498716834
1117305528930
112703235891
1127053310221
1139011032650
1142601834457
1149526786592
1152694021031
1153325477826
1166201731207
117237838676
1178559154259
120180357333
1254175025458
1274079121943
1275615981134
1278938645519
1310826989879
1314002315034
1315354077339
131664264774
1320386796053
1331700591622
1334388126769
1336593660508
1341782483968
1342015390297
1346936509471
1352287493922
1363743125717
1367568454944
1393308076697
1393433266103
1398558144841
1403930477012
141352965381
1422643162554
1426296099277
1428217348119
1440078054627
1443772219044
1450813070014
1455266000090
146162026695
1470077534748
147653032397
1513789169842
1541206937991
1548295133871
1549790953183
1582527827045
1593252826733
1598036385779
1608420641962
1621753141355
1627169318965
1644147315864
1649822784478
1651680208480
1659235252757
1665177173120
1669162616939
1704782614282
171493598456
1730594838883
1733918873548
1738326145562
1766554522139
1768378960241
1774817959253
1779392379060
1793894420479
1812696042528
1833179400673
1834226934978
1848110396632
1849352485671
1853792867071
1887192093441
1910582076543
1910617727479
1932748122789
1934991187819
1940130249414
1946828549555
1968206444091
1970888042291
1974163766259
1975012717220
1988548094663
1992971021926
1994541190497
2000079384853
201082614476
2025635745316
2028853550521
2037276264553
2040591923670
2046455329605
205238852582
2092252312504
2105247647038
2116877520256
2117076932441
2138867901472
2145393595584
215519479055
2180175236895
2199080849729
2203444764136
2212117787
2214536418870
2229075146112
2232834015368
2237400842395
2239766430003
225651383232
2256721173085
2258558706557
2276976033101
2282458123274
2283073001754
2327312554953
2352355955466
2356295741903
2383701276394
2389918449292
2391097863031
2399580028733
2416522546806
243011950347
2453005899466
2471514497033
2479617474271
2491762107720
2505785124099
2505809235012
2508123137930
2513390501543
2516458953690
2521928020096
2529982097359
2547783231359
2550966338368
2555344031961
2557787812042
2563704784200
2572930975449
257709447592
2589231551096
2603030566501
2610760486993
2612777892982
2613737739846
2616176167263
2625029177722
2625261686411
2639634962378
2646465092788
2646942525667
2654393030407
2663473649927
26730059882
2675090080000
2690552585369
2691169126797
271794992239
2720564129149
2722852033568
2750128788949
2759957760707
2762052830649
276218274955
2763964903706
2775559998377
2789510175697
2801536041243
2808880662117
2811879299770
2812092884490
2816317281414
2816483959664
2818901904455
2831837715403
2835653080472
284383265008
2853609052348
2863891139103
2865372163705
288735686384
2900957900572
2905261557226
2905623102928
2921775869898
2929705890481
2953287987217
2974896367502
298345856298
2984126752216
298569537549
2996064242365
3017244635373
3034011520030
304004140969
3049058160704
3051395083182
3056328691134
3061373521197
3070174922392
3076037080963
3076999911895
3080733372783
3084133028032
3085443419006
3086669243502
3103615307985
3140621831886
3140736825179
3150898238220
3156285398775
316031449835
3172468181459
3174611450098
3178088479822
3189266914277
3203036424907
3204358323605
3208744060648
3224315611754
323149264723
3232165644790
3233001263313
3237840414035
3266908569197
3272312852000
328811876024
3289696699375
3303620723589
3324126460208
33308332074
3332511452941
3336559894838
338300729352
3396995330927
3405979883205
3406001689286
3419460602024
3420036914803
3462282227610
3464697850121
349436160203
3508099452413
3519999094226
3520495130215
352117725447
352353436247
3526585246376
3535223328957
3537427276202
3547222690344
3562609200101
3564827494232
3583358991194
3589926883291
3597186866093
3602241499207
3603195948759
3609367743982
3626175878813
3631341459572
3633233045595
3638153003191
3646397985010
3656547610694
3667983608940
3671595634499
3691987332163
3698070043266
3708583861905
3711866348522
3729901504092
3739880586546
3753570130743
3759891256503
3762499435495
3764838988004
3774731452614
3790629327069
3797566339805
3806181011785
3810057374157
3821627702105
3841262878241
3866669735068
3868732711474
3886418786139
3893666694331
3906027262910
3908983267020
3924762648650
3933518564737
3935634704147
3946058850536
3956416261140
3977519391273
3982017359916
4015992903074
4028330050983
4051277295686
4057228478410
4057711693470
4060865256494
4068951472543
4069342167626
4076834341386
4124145909120
4124773963915
413415112161
4151895123629
4158188718264
4162441043514
4166837727930
4169970440889
4176940070111
4186247982387
4199852085972
4202160468619
4209321200769
4213174754002
4219499358531
4224129388018
423102587573
4232470639952
423673329223
4247580681615
4253127430900
4255391905899
4263414978528
4264002413656
42681152880
4274194745911
4305906811250
4329559813900
4344964645924
4347001247812
4379210984280
4396165570313
4398365361656
4411378625513
4412310419354
4416582428725
4418595343795
4433283935626
4434591007672
4445049941486
4457707732238
4464206047362
4484652875868
4489917775282
4500346915589
4505408326657
4505778602685
4507319137291
4508709691940
4516956037281
455025082015
4552634186169
4567881316108
4571820847922
45750472507
4579642460829
4602849121131
4607294676500
4616047784974
4620195733448
4620450184975
4621847288733
4633572963958
4634400837073
4642578276016
4661583417637
466766580809
4670535024339
4681244832169
4684523928287
4697140020253
4704488445969
4711391878972
4713500301124
4713550935034
4723168348139
4738968857986
4744085013289
4745302017237
4746399066551
4771054858097
4775777371825
4782340478569
478585889049
4792672801178
4806285779853
4808075544793
4822233493932
4826766522257
4847001948302
4853936116564
4862305511242
4870792538545
4874879273801
4878827816462
4879316506713
4894471718437
4897255368598
48986805701
4903983701222
4913413922698
4924268686973
4928065212957
497046441742
497150960339
498027692786
5002510276253
5008340138213
5009538645414
5027851423736
5030881505154
5052690708231
5059915141752
5075367994214
5076578976093
5085594577596
5105855102936
5109968357743
5110983528654
5118445838430
5121049510461
5124086033546
5125429117488
5126540222866
5126683133512
5131161516934
5142149934625
5150059551429
5166197122391
5187818874909
5192350749358
5211863068651
5220136574093
5222490367943
5233305439372
525975834091
5277138905972
527824431735
5278338581253
5281425322971
5285035995526
5305542516181
5315380599235
5318729492034
5318824699190
5322402814865
5325369714700
534626859062
5360039125579
5360272809667
5369554179170
5371887011804
5395588062165
5406001251046
5406343623418
5415794653379
5418015298544
542919954444
5439587619464
5453157939992
5457617119886
5477828960565
550342421226
5543885595520
5568257217658
5573006591189
5580717964113
5584940751124
5603324721967
5608407654504
5616336051863
5617951637576
5634150057993
5642207182183
5642623343085
5643406025241
5658931734463
5680407436556
5693168152271
5693196258845
5699935721323
5705839642365
5716433566604
5716976180252
5719151542418
5740967386403
5742428277005
5759258477070
5769489890835
5771590187505
5787596189341
5791820399462
5791905940987
5797199299177
5799565812835
580504069946
5806543165076
5811755068175
5820015103147
5828186085618
5830529641801
58372434503
584064527316
5842589129766
584361858537
5849820254589
5868973794105
5869464883861
5874966523350
5878272649058
587917253321
5884185903406
5892844367883
5893710631504
5903910076058
5908740586137
5918649252080
5923938448888
5933380067111
5946414866207
5954460495048
5954951129426
5990637516004
6009137095115
6011964081560
6013588494682
6073485818621
6073719148042
6082970147721
6087548915649
6092124978575
6096743192004
6104673812257
6106202027031
6116400134911
6123694705802
6138251903392
6155310334737
6157492615286
6159250699409
6160499451506
6169692725256
6172398466640
621177302037
6213593897897
6218424251545
6221862883033
6227029419800
6234172931010
6235879740412
623714830896
6247665389128
6249113348234
62491518642
6253671463633
625910705819
6264724240469
6267983034228
6300772565462
6309059347095
6312454631360
632098842157
6322075517097
6322891670237
6323506420086
6332989970466
6344299959580
6357903728578
6364787366865
6387076229643
6407611696592
6409564166097
6417471127762
6430858679985
6450598808242
6469601810555
646990551324
6470311346823
6482670885619
6501467545132
6513034727148
6515600054763
6516403843912
6531361230244
6540425518648
6543305502657
6553199302285
6566288332240
6584183776454
6587581993886
6616655825177
6618470152839
6626896378857
6628380483026
6628616793876
6662352877507
6667013090888
6672166141527
6687688148285
6691856422877
670019002856
6706463314439
6712784418311
6727451612057
6727821694123
6736669822097
6746817671723
6758597875673
678311040220
6788018475751
679457032154
68025211690
681113637532
6839139585055
6855153999438
6876567240570
6880454518818
6886878812062
6898512047332
6903407753840
6915285172389
6924276378092
6931692386835
6935148412728
6939557104838
6952131540458
6958459011071
6958477505552
696699138110
6969388256919
6969904836478
6976300543869
6980158748774
698254199469
6994645742836
6999841209015
700866998808
7010040309191
7011806263578
7012623498923
7013655261706
7025536292941
7037926800999
7043895038516
704833119022
7072321338986
7076473434063
7077014109634
7093425186588
7108739444604
7114373599210
711583221899
7120209961529
7123893832555
7136385491710
7141129695036
7141437319696
715039841849
7166266002664
7181508471050
718995962969
7190403058206
7196377079725
7204187896177
7216429132169
7218981616648
7228214870820
7259845120559
7260054896487
7263896050530
7274777327181
7278362055205
7290409453569
7304746586055
7307222502112
7312859156560
7326065509302
7329551594173
7331014524013
7332612090593
7337508983090
7352135504805
7352711289552
7357868298309
7370665119568
7371820486667
739989970790
7403416302295
7405339445224
7415428793118
7424846567680
7435462217630
7460189740641
7463582057758
7473835104667
7476447806264
7479111111713
7483346739826
7486611916861
7496614766397
7509294210797
7514947629334
7526061650714
7541489292070
7542878076614
7544963433689
758207784963
7596081382550
7596971642302
7606621087647
7612915825925
7613125909535
7616949900332
7630002528206
7631166218711
7660425867677
7686987025925
7692570353896
7704516995410
7714415329016
7716571294055
7724349342925
7725418007243
7730977574055
7731603840570
7741638757909
7743221850903
7745661933859
7751477885131
7751548670436
7756851582571
7785911918463
779113636281
7796649875862
7810571352838
7818753941128
7831758813527
7843066194665
7849489892370
7851361666709
7852749220741
7853249722683
7904044561865
7906571525823
7921284884380
7923242265358
7950567929426
7966012635426
7978237214763
7979629468500
7984816584898
7993037056725
799363963792
7998641305890
8014497672921
802437017956
8033253835211
8062584579133
8068616214375
807129377360
8093651539884
8100668867804
8102954874215
8118579768583
8123449552267
8130472462858
8136039204750
8137621535282
813866331657
8142184487965
8157863554576
8157996532989
8180775983141
818369360687
8212653680243
8213594327527
8218126519440
8223671355181
8226637023376
8256160352069
8257425656224
8268325362945
8270830965352
8272016056446
8272392977712
8275560496489
828937361372
8289475474659
8302068116675
8316210150009
8326953701913
8362333410443
8379911059313
8381486349904
8396845751792
8397872010568
8400904208560
8405929392446
840700945100
8428512883160
8443709403360
8467485998237
8473132434111
8473851827861
8475070633278
8482523050580
8488683807705
8489351131501
8515150061339
8517104500838
8520971464066
8525299358709
8529240148021
8531364377913
8534612495762
8548353642444
8554536639045
857951816863
8590084384025
8595888115398
8601046928227
8606741490749
8613514418604
8614830497493
8633698104256
8635203661198
8638176601612
8648314551594
8656381006494
8682352118695
8697048524108
8703560517841
8712984667892
8722852317067
8727245780447
8732630394102
8739444217366
8744578986672
8750406581264
875279104002
8771488337294
88080521830
8808533845481
8826835617689
8830423020582
8835484275060
8845293754100
8852557433759
8872112442863
8883192658623
8890541465293
8895674317933
8896105766582
8897423186039
8906251913108
8927867818620
8931853836368
8962023906259
897549235729
9000153783480
900538853175
9009863963185
9010491638644
9033031811183
9041672271132
9045852742670
9053039300894
9053813703338
9062663530999
9066446146911
9067689736345
9072804257616
9079388382636
9083596914766
9106285203825
9119540883701
9127845635475
9138501447950
9141786261862
914789844221
9154285371404
9161631874863
916835420023
9176330879189
9186453433323
9198714050861
9208491342077
9215166847986
9222749790378
9248324224771
9255556600874
9259194985512
9274085393503
9279055733497
9287096123263
9301532828756
9333450927890
9337162718455
9345273292329
9373283450016
9382964982668
9384191201095
9412484709417
9427360075502
9441205451960
9441456265656
9461451662675
9461459527154
9472941514631
9475040836710
9482284740217
9483289868989
9483864596350
9486230987660
9499220965854
9511523488528
9535353606523
9537976910957
9546118628690
9554621832547
9563834474510
9568574013267
957892405491
9607464655963
9610557790269
9613628993965
9626973438665
9634268660269
9640590908234
9644962078140
964555946611
9650608845547
9659332205278
9671801132863
9675882932319
9688665581924
9690932942262
9691073721216
9696570115949
9702797166804
9717425113911
9728538402878
9734399727854
9744161009213
9756609473863
9771480539601
9776245964524
9777018207160
979129269463
9802946999197
9804726137732
981031426629
9820767671588
9821185858849
9825495733693
9826930599356
9828940112682
9833708464580
9840994601422
985141927791
9862074257282
9862828002631
9864308431649
98654820832
9866802709914
9881174573533
9892783896695
9899318599216
9910710838875
9917952441215
9923023486851
9941208532382
9952957601559
9953592520231
9958134597126
9961882098068
9964992661610
9977160975566
999047449544
