999047449544
9977160975566
9964992661610
9961882098068
9958134597126
9953592520231
9952957601559
9941208532382
9923023486851
9917952441215
9910710838875
9899318599216
9892783896695
9881174573533
9866802709914
98654820832
9864308431649
9862828002631
9862074257282
985141927791
9840994601422
9833708464580
9828940112682
9826930599356
9825495733693
9821185858849
9820767671588
981031426629
9804726137732
9802946999197
979129269463
9777018207160
9776245964524
9771480539601
9756609473863
9744161009213
9734399727854
9728538402878
9717425113911
9702797166804
9696570115949
9691073721216
9690932942262
9688665581924
9675882932319
9671801132863
9659332205278
9650608845547
964555946611
9644962078140
9640590908234
9634268660269
9626973438665
9613628993965
9610557790269
9607464655963
957892405491
9568574013267
9563834474510
9554621832547
9546118628690
9537976910957
9535353606523
9511523488528
9499220965854
9486230987660
9483864596350
9483289868989
9482284740217
9475040836710
9472941514631
9461459527154
9461451662675
9441456265656
9441205451960
9427360075502
9412484709417
9384191201095
9382964982668
9373283450016
9345273292329
9337162718455
9333450927890
9301532828756
9287096123263
9279055733497
9274085393503
9259194985512
9255556600874
9248324224771
9222749790378
9215166847986
9208491342077
9198714050861
9186453433323
9176330879189
916835420023
9161631874863
9154285371404
914789844221
9141786261862
9138501447950
9127845635475
9119540883701
9106285203825
9083596914766
9079388382636
9072804257616
9067689736345
9066446146911
9062663530999
9053813703338
9053039300894
9045852742670
9041672271132
9033031811183
9010491638644
9009863963185
900538853175
9000153783480
897549235729
8962023906259
8931853836368
8927867818620
8906251913108
8897423186039
8896105766582
8895674317933
8890541465293
8883192658623
8872112442863
8852557433759
8845293754100
8835484275060
8830423020582
8826835617689
8808533845481
88080521830
8771488337294
875279104002
8750406581264
8744578986672
8739444217366
8732630394102
8727245780447
8722852317067
8712984667892
8703560517841
8697048524108
8682352118695
8656381006494
8648314551594
8638176601612
8635203661198
8633698104256
8614830497493
8613514418604
8606741490749
8601046928227
8595888115398
8590084384025
857951816863
8554536639045
8548353642444
8534612495762
8531364377913
8529240148021
8525299358709
8520971464066
8517104500838
8515150061339
8489351131501
8488683807705
8482523050580
8475070633278
8473851827861
8473132434111
8467485998237
8443709403360
8428512883160
840700945100
8405929392446
8400904208560
8397872010568
8396845751792
8381486349904
8379911059313
8362333410443
8326953701913
8316210150009
8302068116675
8289475474659
828937361372
8275560496489
8272392977712
8272016056446
8270830965352
8268325362945
8257425656224
8256160352069
8226637023376
8223671355181
8218126519440
8213594327527
8212653680243
818369360687
8180775983141
8157996532989
8157863554576
8142184487965
813866331657
8137621535282
8136039204750
8130472462858
8123449552267
8118579768583
8102954874215
8100668867804
8093651539884
807129377360
8068616214375
8062584579133
8033253835211
802437017956
8014497672921
7998641305890
799363963792
7993037056725
7984816584898
7979629468500
7978237214763
7966012635426
7950567929426
7923242265358
7921284884380
7906571525823
7904044561865
7853249722683
7852749220741
7851361666709
7849489892370
7843066194665
7831758813527
7818753941128
7810571352838
7796649875862
779113636281
7785911918463
7756851582571
7751548670436
7751477885131
7745661933859
7743221850903
7741638757909
7731603840570
7730977574055
7725418007243
7724349342925
7716571294055
7714415329016
7704516995410
7692570353896
7686987025925
7660425867677
7631166218711
7630002528206
7616949900332
7613125909535
7612915825925
7606621087647
7596971642302
7596081382550
758207784963
7544963433689
7542878076614
7541489292070
7526061650714
7514947629334
7509294210797
7496614766397
7486611916861
7483346739826
7479111111713
7476447806264
7473835104667
7463582057758
7460189740641
7435462217630
7424846567680
7415428793118
7405339445224
7403416302295
739989970790
7371820486667
7370665119568
7357868298309
7352711289552
7352135504805
7337508983090
7332612090593
7331014524013
7329551594173
7326065509302
7312859156560
7307222502112
7304746586055
7290409453569
7278362055205
7274777327181
7263896050530
7260054896487
7259845120559
7228214870820
7218981616648
7216429132169
7204187896177
7196377079725
7190403058206
718995962969
7181508471050
7166266002664
715039841849
7141437319696
7141129695036
7136385491710
7123893832555
7120209961529
711583221899
7114373599210
7108739444604
7093425186588
7077014109634
7076473434063
7072321338986
704833119022
7043895038516
7037926800999
7025536292941
7013655261706
7012623498923
7011806263578
7010040309191
700866998808
6999841209015
6994645742836
698254199469
6980158748774
6976300543869
6969904836478
6969388256919
696699138110
6958477505552
6958459011071
6952131540458
6939557104838
6935148412728
6931692386835
6924276378092
6915285172389
6903407753840
6898512047332
6886878812062
6880454518818
6876567240570
6855153999438
6839139585055
681113637532
68025211690
679457032154
6788018475751
678311040220
6758597875673
6746817671723
6736669822097
6727821694123
6727451612057
6712784418311
6706463314439
670019002856
6691856422877
6687688148285
6672166141527
6667013090888
6662352877507
6628616793876
6628380483026
6626896378857
6618470152839
6616655825177
6587581993886
6584183776454
6566288332240
6553199302285
6543305502657
6540425518648
6531361230244
6516403843912
6515600054763
6513034727148
6501467545132
6482670885619
6470311346823
646990551324
6469601810555
6450598808242
6430858679985
6417471127762
6409564166097
6407611696592
6387076229643
6364787366865
6357903728578
6344299959580
6332989970466
6323506420086
6322891670237
6322075517097
632098842157
6312454631360
6309059347095
6300772565462
6267983034228
6264724240469
625910705819
6253671463633
62491518642
6249113348234
6247665389128
623714830896
6235879740412
6234172931010
6227029419800
6221862883033
6218424251545
6213593897897
621177302037
6172398466640
6169692725256
6160499451506
6159250699409
6157492615286
6155310334737
6138251903392
6123694705802
6116400134911
6106202027031
6104673812257
6096743192004
6092124978575
6087548915649
6082970147721
6073719148042
6073485818621
6013588494682
6011964081560
6009137095115
5990637516004
5954951129426
5954460495048
5946414866207
5933380067111
5923938448888
5918649252080
5908740586137
5903910076058
5893710631504
5892844367883
5884185903406
587917253321
5878272649058
5874966523350
5869464883861
5868973794105
5849820254589
584361858537
5842589129766
584064527316
58372434503
5830529641801
5828186085618
5820015103147
5811755068175
5806543165076
580504069946
5799565812835
5797199299177
5791905940987
5791820399462
5787596189341
5771590187505
5769489890835
5759258477070
5742428277005
5740967386403
5719151542418
5716976180252
5716433566604
5705839642365
5699935721323
5693196258845
5693168152271
5680407436556
5658931734463
5643406025241
5642623343085
5642207182183
5634150057993
5617951637576
5616336051863
5608407654504
5603324721967
5584940751124
5580717964113
5573006591189
5568257217658
5543885595520
550342421226
5477828960565
5457617119886
5453157939992
5439587619464
542919954444
5418015298544
5415794653379
5406343623418
5406001251046
5395588062165
5371887011804
5369554179170
5360272809667
5360039125579
534626859062
5325369714700
5322402814865
5318824699190
5318729492034
5315380599235
5305542516181
5285035995526
5281425322971
5278338581253
527824431735
5277138905972
525975834091
5233305439372
5222490367943
5220136574093
5211863068651
5192350749358
5187818874909
5166197122391
5150059551429
5142149934625
5131161516934
5126683133512
5126540222866
5125429117488
5124086033546
5121049510461
5118445838430
5110983528654
5109968357743
5105855102936
5085594577596
5076578976093
5075367994214
5059915141752
5052690708231
5030881505154
5027851423736
5009538645414
5008340138213
5002510276253
498027692786
497150960339
497046441742
4928065212957
4924268686973
4913413922698
4903983701222
48986805701
4897255368598
4894471718437
4879316506713
4878827816462
4874879273801
4870792538545
4862305511242
4853936116564
4847001948302
4826766522257
4822233493932
4808075544793
4806285779853
4792672801178
478585889049
4782340478569
4775777371825
4771054858097
4746399066551
4745302017237
4744085013289
4738968857986
4723168348139
4713550935034
4713500301124
4711391878972
4704488445969
4697140020253
4684523928287
4681244832169
4670535024339
466766580809
4661583417637
4642578276016
4634400837073
4633572963958
4621847288733
4620450184975
4620195733448
4616047784974
4607294676500
4602849121131
4579642460829
45750472507
4571820847922
4567881316108
4552634186169
455025082015
4516956037281
4508709691940
4507319137291
4505778602685
4505408326657
4500346915589
4489917775282
4484652875868
4464206047362
4457707732238
4445049941486
4434591007672
4433283935626
4418595343795
4416582428725
4412310419354
4411378625513
4398365361656
4396165570313
4379210984280
4347001247812
4344964645924
4329559813900
4305906811250
4274194745911
42681152880
4264002413656
4263414978528
4255391905899
4253127430900
4247580681615
423673329223
4232470639952
423102587573
4224129388018
4219499358531
4213174754002
4209321200769
4202160468619
4199852085972
4186247982387
4176940070111
4169970440889
4166837727930
4162441043514
4158188718264
4151895123629
413415112161
4124773963915
4124145909120
4076834341386
4069342167626
4068951472543
4060865256494
4057711693470
4057228478410
4051277295686
4028330050983
4015992903074
3982017359916
3977519391273
3956416261140
3946058850536
3935634704147
3933518564737
3924762648650
3908983267020
3906027262910
3893666694331
3886418786139
3868732711474
3866669735068
3841262878241
3821627702105
3810057374157
3806181011785
3797566339805
3790629327069
3774731452614
3764838988004
3762499435495
3759891256503
3753570130743
3739880586546
3729901504092
3711866348522
3708583861905
3698070043266
3691987332163
3671595634499
3667983608940
3656547610694
3646397985010
3638153003191
3633233045595
3631341459572
3626175878813
3609367743982
3603195948759
3602241499207
3597186866093
3589926883291
3583358991194
3564827494232
3562609200101
3547222690344
3537427276202
3535223328957
3526585246376
352353436247
352117725447
3520495130215
3519999094226
3508099452413
349436160203
3464697850121
3462282227610
3420036914803
3419460602024
3406001689286
3405979883205
3396995330927
338300729352
3336559894838
3332511452941
33308332074
3324126460208
3303620723589
3289696699375
328811876024
3272312852000
3266908569197
3237840414035
3233001263313
3232165644790
323149264723
3224315611754
3208744060648
3204358323605
3203036424907
3189266914277
3178088479822
3174611450098
3172468181459
316031449835
3156285398775
3150898238220
3140736825179
3140621831886
3103615307985
3086669243502
3085443419006
3084133028032
3080733372783
3076999911895
3076037080963
3070174922392
3061373521197
3056328691134
3051395083182
3049058160704
304004140969
3034011520030
3017244635373
2996064242365
298569537549
2984126752216
298345856298
2974896367502
2953287987217
2929705890481
2921775869898
2905623102928
2905261557226
2900957900572
288735686384
2865372163705
2863891139103
2853609052348
284383265008
2835653080472
2831837715403
2818901904455
2816483959664
2816317281414
2812092884490
2811879299770
2808880662117
2801536041243
2789510175697
2775559998377
2763964903706
276218274955
2762052830649
2759957760707
2750128788949
2722852033568
2720564129149
271794992239
2691169126797
2690552585369
2675090080000
26730059882
2663473649927
2654393030407
2646942525667
2646465092788
2639634962378
2625261686411
2625029177722
2616176167263
2613737739846
2612777892982
2610760486993
2603030566501
2589231551096
257709447592
2572930975449
2563704784200
2557787812042
2555344031961
2550966338368
2547783231359
2529982097359
2521928020096
2516458953690
2513390501543
2508123137930
2505809235012
2505785124099
2491762107720
2479617474271
2471514497033
2453005899466
243011950347
2416522546806
2399580028733
2391097863031
2389918449292
2383701276394
2356295741903
2352355955466
2327312554953
2283073001754
2282458123274
2276976033101
2258558706557
2256721173085
225651383232
2239766430003
2237400842395
2232834015368
2229075146112
2214536418870
2212117787
2203444764136
2199080849729
2180175236895
215519479055
2145393595584
2138867901472
2117076932441
2116877520256
2105247647038
2092252312504
205238852582
2046455329605
2040591923670
2037276264553
2028853550521
2025635745316
201082614476
2000079384853
1994541190497
1992971021926
1988548094663
1975012717220
1974163766259
1970888042291
1968206444091
1946828549555
1940130249414
1934991187819
1932748122789
1910617727479
1910582076543
1887192093441
1853792867071
1849352485671
1848110396632
1834226934978
1833179400673
1812696042528
1793894420479
1779392379060
1774817959253
1768378960241
1766554522139
1738326145562
1733918873548
1730594838883
171493598456
1704782614282
1669162616939
1665177173120
1659235252757
1651680208480
1649822784478
1644147315864
1627169318965
1621753141355
1608420641962
1598036385779
1593252826733
1582527827045
1549790953183
1548295133871
1541206937991
1513789169842
147653032397
1470077534748
146162026695
1455266000090
1450813070014
1443772219044
1440078054627
1428217348119
1426296099277
1422643162554
141352965381
1403930477012
1398558144841
1393433266103
1393308076697
1367568454944
1363743125717
1352287493922
1346936509471
1342015390297
1341782483968
1336593660508
1334388126769
1331700591622
1320386796053
131664264774
1315354077339
1314002315034
1310826989879
1278938645519
1275615981134
1274079121943
1254175025458
120180357333
1178559154259
117237838676
1166201731207
1153325477826
1152694021031
1149526786592
1142601834457
1139011032650
1127053310221
112703235891
1117305528930
1114498716834
1113814220539
1102402369433
1097754699059
1096782926104
1078934566676
1073279357557
1069330728741
1068415444833
1059023361403
1050365759986
1030014422082
1023767204436
1021480685094
1017226321883
