7037926800999
5878272649058
4057228478410
5742428277005
2625029177722
3156285398775
6235879740412
6958459011071
2258558706557
2521928020096
2984126752216
42681152880
9537976910957
8137621535282
1050365759986
3419460602024
9923023486851
6691856422877
623714830896
3051395083182
7714415329016
6976300543869
7843066194665
4516956037281
8722852317067
4771054858097
2639634962378
3272312852000
2212117787
2117076932441
6155310334737
5680407436556
6221862883033
7741638757909
6924276378092
5030881505154
6450598808242
6417471127762
5124086033546
141352965381
527824431735
9688665581924
6584183776454
349436160203
7731603840570
5360272809667
857951816863
3178088479822
1315354077339
802437017956
807129377360
3224315611754
4151895123629
2237400842395
2572930975449
1149526786592
8473132434111
2391097863031
580504069946
1021480685094
7278362055205
985141927791
5076578976093
2816483959664
1975012717220
9079388382636
4928065212957
6855153999438
8638176601612
6736669822097
7904044561865
1450813070014
4224129388018
8808533845481
4874879273801
9066446146911
9053813703338
7371820486667
3609367743982
7853249722683
3189266914277
2399580028733
2040591923670
6218424251545
5305542516181
5110983528654
1139011032650
1968206444091
6364787366865
5126683133512
632098842157
6312454631360
7978237214763
2092252312504
6587581993886
828937361372
5828186085618
2282458123274
1793894420479
2453005899466
7509294210797
3332511452941
4433283935626
4607294676500
8381486349904
1704782614282
5693168152271
4199852085972
9384191201095
3656547610694
3508099452413
4704488445969
1627169318965
2105247647038
2037276264553
3208744060648
6407611696592
316031449835
8212653680243
147653032397
7405339445224
9382964982668
1848110396632
2816317281414
6322075517097
352117725447
3080733372783
5642623343085
5369554179170
9866802709914
7544963433689
3174611450098
6903407753840
718995962969
3886418786139
8272016056446
9511523488528
6516403843912
2720564129149
2616176167263
3633233045595
2550966338368
5608407654504
587917253321
9279055733497
7473835104667
7114373599210
8257425656224
225651383232
8601046928227
6300772565462
3056328691134
9691073721216
4060865256494
1152694021031
1541206937991
3085443419006
1346936509471
6123694705802
5719151542418
8712984667892
8633698104256
584361858537
3520495130215
6746817671723
7483346739826
33308332074
9881174573533
1443772219044
4396165570313
678311040220
2508123137930
2256721173085
813866331657
4457707732238
4398365361656
4775777371825
3406001689286
4808075544793
2479617474271
7730977574055
5453157939992
304004140969
2214536418870
6931692386835
2505809235012
6839139585055
6994645742836
6616655825177
1974163766259
2625261686411
4418595343795
1766554522139
8962023906259
8362333410443
88080521830
8520971464066
5059915141752
3203036424907
9009863963185
6267983034228
9176330879189
2232834015368
1331700591622
3739880586546
5192350749358
5278338581253
7950567929426
4500346915589
423102587573
5908740586137
1017226321883
5573006591189
5799565812835
3535223328957
9804726137732
7612915825925
4713550935034
1342015390297
1393433266103
5791820399462
5406343623418
2555344031961
4411378625513
8835484275060
4166837727930
7541489292070
2327312554953
1422643162554
8467485998237
8656381006494
6309059347095
1440078054627
1030014422082
7141129695036
4913413922698
9690932942262
7312859156560
8302068116675
1153325477826
5371887011804
9568574013267
2801536041243
1096782926104
2789510175697
5187818874909
8033253835211
7998641305890
8102954874215
9964992661610
6667013090888
3462282227610
8826835617689
8180775983141
9127845635475
3519999094226
5584940751124
3933518564737
2863891139103
201082614476
7704516995410
9825495733693
6213593897897
9287096123263
5954460495048
3764838988004
7616949900332
7993037056725
284383265008
7012623498923
2491762107720
1426296099277
5693196258845
8744578986672
9953592520231
6169692725256
2759957760707
9899318599216
7260054896487
6332989970466
9862074257282
9864308431649
3140736825179
7228214870820
8256160352069
9198714050861
2116877520256
7307222502112
1341782483968
7332612090593
779113636281
2775559998377
8517104500838
2239766430003
5085594577596
6628616793876
6116400134911
8482523050580
298345856298
4434591007672
1097754699059
5439587619464
9106285203825
9083596914766
2675090080000
1730594838883
3868732711474
8489351131501
6727451612057
4567881316108
2663473649927
7514947629334
1834226934978
897549235729
1455266000090
4247580681615
8093651539884
711583221899
1352287493922
7631166218711
1078934566676
4826766522257
5142149934625
7751548670436
4069342167626
2953287987217
2203444764136
1598036385779
3070174922392
6788018475751
4681244832169
4076834341386
9072804257616
4507319137291
3982017359916
6482670885619
3589926883291
9696570115949
5277138905972
7415428793118
2835653080472
3603195948759
271794992239
7476447806264
9952957601559
4445049941486
875279104002
7424846567680
7290409453569
7274777327181
6470311346823
6501467545132
9756609473863
8648314551594
6104673812257
5318729492034
3464697850121
7660425867677
7403416302295
9483864596350
1940130249414
5874966523350
2557787812042
3711866348522
4616047784974
4897255368598
7460189740641
2180175236895
4464206047362
2229075146112
5946414866207
6092124978575
1254175025458
1549790953183
9977160975566
1336593660508
6082970147721
8896105766582
9728538402878
3602241499207
4633572963958
6515600054763
3049058160704
5769489890835
4713500301124
4894471718437
4684523928287
5954951129426
4782340478569
4621847288733
5634150057993
6958477505552
550342421226
6662352877507
1768378960241
7966012635426
8534612495762
799363963792
1779392379060
5027851423736
7329551594173
8062584579133
9067689736345
9671801132863
2416522546806
9259194985512
9119540883701
5716976180252
45750472507
4711391878972
5125429117488
3906027262910
5325369714700
9826930599356
6253671463633
68025211690
2612777892982
4642578276016
818369360687
7906571525823
5759258477070
9062663530999
4124145909120
8529240148021
9441205451960
9141786261862
3564827494232
288735686384
8130472462858
8223671355181
4552634186169
681113637532
1669162616939
9862828002631
3289696699375
8289475474659
2853609052348
8732630394102
9820767671588
4723168348139
9821185858849
9461451662675
2690552585369
9941208532382
9333450927890
6344299959580
1513789169842
900538853175
4505778602685
215519479055
9675882932319
4670535024339
5126540222866
7692570353896
5918649252080
8157996532989
1812696042528
3646397985010
7263896050530
5797199299177
7818753941128
8142184487965
1910582076543
1988548094663
8157863554576
6672166141527
9222749790378
6543305502657
7542878076614
916835420023
4738968857986
7810571352838
1733918873548
979129269463
9958134597126
7745661933859
914789844221
2646465092788
7796649875862
3266908569197
4263414978528
4344964645924
7852749220741
2513390501543
7785911918463
5580717964113
5830529641801
6626896378857
4051277295686
6706463314439
9961882098068
4015992903074
5849820254589
2028853550521
8931853836368
8895674317933
1992971021926
6009137095115
2025635745316
5166197122391
9337162718455
4057711693470
4169970440889
1068415444833
3893666694331
700866998808
840700945100
8554536639045
9613628993965
5892844367883
4124773963915
1593252826733
534626859062
5109968357743
3790629327069
5893710631504
7093425186588
7630002528206
3956416261140
1608420641962
5002510276253
4508709691940
4620450184975
9033031811183
7724349342925
6264724240469
6227029419800
5131161516934
8682352118695
58372434503
9626973438665
5642207182183
9345273292329
205238852582
3303620723589
4264002413656
4862305511242
5568257217658
5322402814865
9461459527154
3061373521197
6087548915649
6687688148285
4489917775282
6096743192004
7596081382550
1934991187819
7463582057758
3866669735068
1932748122789
5990637516004
696699138110
2722852033568
2996064242365
6322891670237
4412310419354
8613514418604
3841262878241
3924762648650
2750128788949
5477828960565
3405979883205
4505408326657
7011806263578
7496614766397
5220136574093
5121049510461
2921775869898
7486611916861
5285035995526
8739444217366
5418015298544
6969904836478
2516458953690
7196377079725
3671595634499
9917952441215
9734399727854
4255391905899
2352355955466
8272392977712
9802946999197
739989970790
3324126460208
5009538645414
4028330050983
48986805701
9186453433323
4620195733448
9215166847986
7352711289552
1142601834457
9744161009213
542919954444
1403930477012
7849489892370
5699935721323
3140621831886
8927867818620
9208491342077
4484652875868
2646942525667
2471514497033
2383701276394
9053039300894
3698070043266
2610760486993
7043895038516
9138501447950
3034011520030
4232470639952
7136385491710
2763964903706
5791905940987
8226637023376
1665177173120
2000079384853
6566288332240
478585889049
8475070633278
3103615307985
670019002856
2389918449292
3420036914803
7204187896177
9777018207160
9161631874863
9828940112682
8396845751792
98654820832
4253127430900
8213594327527
8405929392446
8531364377913
7259845120559
1114498716834
6234172931010
1970888042291
352353436247
7352135504805
3810057374157
7120209961529
5395588062165
9472941514631
3076999911895
6886878812062
6540425518648
8830423020582
9427360075502
5406001251046
8428512883160
6011964081560
9659332205278
3977519391273
6387076229643
9301532828756
5222490367943
8488683807705
9554621832547
1274079121943
9610557790269
4903983701222
1774817959253
8548353642444
276218274955
4158188718264
525975834091
8379911059313
2808880662117
8326953701913
4209321200769
4347001247812
1833179400673
6469601810555
7025536292941
8123449552267
3537427276202
9248324224771
8316210150009
6935148412728
2589231551096
5150059551429
2138867901472
5457617119886
4806285779853
6952131540458
7370665119568
8635203661198
4202160468619
146162026695
4602849121131
1659235252757
6160499451506
6999841209015
6357903728578
679457032154
7304746586055
298569537549
8897423186039
2199080849729
9650608845547
957892405491
1278938645519
625910705819
9546118628690
2046455329605
7613125909535
2276976033101
8068616214375
5806543165076
3708583861905
5903910076058
1073279357557
5811755068175
7108739444604
6880454518818
7923242265358
1946828549555
7751477885131
9644962078140
1310826989879
7326065509302
4870792538545
3759891256503
5211863068651
6138251903392
5105855102936
3935634704147
3336559894838
3150898238220
6157492615286
4792672801178
6758597875673
8014497672921
8275560496489
1428217348119
4274194745911
9840994601422
8525299358709
704833119022
2654393030407
3204358323605
1393308076697
5318824699190
646990551324
6980158748774
8515150061339
2905623102928
964555946611
3797566339805
455025082015
6073719148042
584064527316
5617951637576
4219499358531
2691169126797
2547783231359
3547222690344
1069330728741
4305906811250
5281425322971
6513034727148
3396995330927
3638153003191
9607464655963
4379210984280
3946058850536
1113814220539
8771488337294
497046441742
9776245964524
2905261557226
8268325362945
9274085393503
8750406581264
8883192658623
6712784418311
3233001263313
9640590908234
7218981616648
8473851827861
3729901504092
7984816584898
1117305528930
758207784963
1582527827045
3597186866093
1853792867071
5315380599235
7166266002664
257709447592
4634400837073
8218126519440
6249113348234
4329559813900
338300729352
7743221850903
6073485818621
4879316506713
4176940070111
423673329223
6172398466640
2900957900572
3631341459572
2831837715403
131664264774
9041672271132
1644147315864
5869464883861
9717425113911
5603324721967
2762052830649
7190403058206
9486230987660
5933380067111
7331014524013
1334388126769
6898512047332
7606621087647
8727245780447
2812092884490
9771480539601
9000153783480
5643406025241
328811876024
8906251913108
1470077534748
4416582428725
8872112442863
8118579768583
8697048524108
7013655261706
5543885595520
323149264723
1367568454944
2818901904455
5771590187505
7435462217630
1314002315034
7979629468500
4571820847922
6323506420086
3762499435495
621177302037
9833708464580
6939557104838
1275615981134
5787596189341
9482284740217
4186247982387
9475040836710
1363743125717
4213174754002
8443709403360
1320386796053
9702797166804
3237840414035
7077014109634
6628380483026
2811879299770
3232165644790
981031426629
120180357333
1548295133871
5360039125579
8703560517841
1178559154259
7479111111713
7181508471050
7010040309191
5884185903406
9910710838875
6553199302285
3908983267020
8890541465293
2356295741903
3076037080963
8590084384025
7725418007243
1059023361403
112703235891
4744085013289
9892783896695
9535353606523
497150960339
243011950347
6876567240570
466766580809
9010491638644
4746399066551
5820015103147
2563704784200
26730059882
5923938448888
7072321338986
8606741490749
2974896367502
7716571294055
5052690708231
8614830497493
3084133028032
4162441043514
7076473434063
3562609200101
6618470152839
5842589129766
5233305439372
6106202027031
1621753141355
698254199469
5868973794105
1651680208480
3583358991194
3691987332163
3753570130743
1398558144841
4697140020253
5075367994214
9634268660269
1887192093441
6013588494682
6247665389128
2613737739846
4068951472543
7141437319696
9154285371404
5118445838430
1166201731207
3774731452614
6727821694123
9483289868989
4924268686973
4579642460829
7831758813527
3086669243502
1649822784478
8136039204750
6531361230244
2505785124099
8400904208560
2283073001754
8397872010568
5658931734463
9563834474510
8595888115398
7756851582571
7526061650714
715039841849
8270830965352
1994541190497
498027692786
5008340138213
3821627702105
2529982097359
9412484709417
2603030566501
6409564166097
7596971642302
1023767204436
8845293754100
2145393595584
8100668867804
6915285172389
7851361666709
7216429132169
1910617727479
4847001948302
7921284884380
1849352485671
4822233493932
9441456265656
5740967386403
5415794653379
2929705890481
8852557433759
7357868298309
7686987025925
5716433566604
6969388256919
6159250699409
9373283450016
1127053310221
413415112161
1738326145562
3667983608940
4853936116564
3526585246376
9499220965854
117237838676
1102402369433
7123893832555
3017244635373
4878827816462
4745302017237
62491518642
4661583417637
999047449544
3626175878813
171493598456
3172468181459
5616336051863
6430858679985
3806181011785
2865372163705
9255556600874
9045852742670
5705839642365
7337508983090
